17	42	1
17	43	1
17	44	1
17	45	1
17	46	1
17	47	1
17	48	1
17	49	1
17	50	1
17	51	1
17	52	1
17	53	1
17	54	1
17	55	1
17	56	1
17	57	1
17	58	1
17	59	1
18	37	1
18	38	1
18	39	1
18	40	1
18	41	1
18	42	1
18	43	1
18	44	0.2
18	45	0.2
18	46	0.2
18	47	0.2
18	48	0.2
18	49	0.2
18	50	0.2
18	51	0.2
18	52	0.2
18	53	0.2
18	54	0.2
18	55	0.2
18	56	1
18	57	1
18	58	1
18	59	1
18	60	1
18	61	1
18	62	1
18	63	1
18	64	1
19	33	1
19	34	1
19	35	1
19	36	1
19	37	1
19	38	0.2
19	39	0.2
19	40	0.2
19	41	0.2
19	42	0.2
19	43	0.2
19	44	0.2
19	45	0.2
19	46	0.2
19	47	0.2
19	48	0.2
19	49	0.2
19	50	0.2
19	51	0.2
19	52	0.2
19	53	0.2
19	54	0.2
19	55	0.2
19	56	0.2
19	57	0.2
19	58	0.2
19	59	0.2
19	60	0.2
19	61	0.2
19	62	1
19	63	1
19	64	1
19	65	1
19	66	1
19	67	1
19	68	1
20	31	1
20	32	1
20	33	1
20	34	0.2
20	35	0.2
20	36	0.2
20	37	0.2
20	38	0.2
20	39	0.2
20	40	0.2
20	41	0.2
20	42	0.2
20	43	0.2
20	44	0.2
20	45	0.2
20	46	0.2
20	47	0.2
20	48	0.2
20	49	0.2
20	50	0.2
20	51	0.2
20	52	0.2
20	53	0.2
20	54	0.2
20	55	0.2
20	56	0.2
20	57	0.2
20	58	0.2
20	59	0.2
20	60	0.2
20	61	0.2
20	62	0.2
20	63	0.2
20	64	0.2
20	65	0.2
20	66	1
20	67	1
20	68	1
20	69	1
20	70	1
21	28	1
21	29	1
21	30	1
21	31	0.2
21	32	0.2
21	33	0.2
21	34	0.2
21	35	0.2
21	36	0.2
21	37	0.2
21	38	0.2
21	39	0.2
21	40	0.2
21	41	0.2
21	42	0.2
21	43	0.2
21	44	0.2
21	45	0.2
21	46	0.2
21	47	0.2
21	48	0.2
21	49	0.2
21	50	0.2
21	51	0.2
21	52	0.2
21	53	0.2
21	54	0.2
21	55	0.2
21	56	0.2
21	57	0.2
21	58	0.2
21	59	0.2
21	60	0.2
21	61	0.2
21	62	0.2
21	63	0.2
21	64	0.2
21	65	0.2
21	66	0.2
21	67	0.2
21	68	0.2
21	69	1
21	70	1
21	71	1
21	72	1
21	73	1
22	26	1
22	27	1
22	28	1
22	29	0.2
22	30	0.2
22	31	0.2
22	32	0.2
22	33	0.2
22	34	0.2
22	35	0.2
22	36	0.2
22	37	0.2
22	38	0.2
22	39	0.2
22	40	0.2
22	41	0.2
22	42	0.2
22	43	0.2
22	44	0.2
22	45	0.2
22	46	0.2
22	47	0.2
22	48	0.2
22	49	0.2
22	50	0.2
22	51	0.2
22	52	0.2
22	53	0.2
22	54	0.2
22	55	0.2
22	56	0.2
22	57	0.2
22	58	0.2
22	59	0.2
22	60	0.2
22	61	0.2
22	62	0.2
22	63	0.2
22	64	0.2
22	65	0.2
22	66	0.2
22	67	0.2
22	68	0.2
22	69	0.2
22	70	0.2
22	71	1
22	72	1
22	73	1
22	74	1
22	75	1
23	24	1
23	25	1
23	26	1
23	27	0.2
23	28	0.2
23	29	0.2
23	30	0.2
23	31	0.2
23	32	0.2
23	33	0.2
23	34	0.2
23	35	0.2
23	36	0.2
23	37	0.2
23	38	0.2
23	39	0.2
23	40	0.2
23	41	0.2
23	42	0.2
23	43	0.2
23	44	0.2
23	45	0.2
23	46	0.2
23	47	0.2
23	48	0.2
23	49	0.2
23	50	0.2
23	51	0.2
23	52	0.2
23	53	0.2
23	54	0.2
23	55	0.2
23	56	0.2
23	57	0.2
23	58	0.2
23	59	0.2
23	60	0.2
23	61	0.2
23	62	0.2
23	63	0.2
23	64	0.2
23	65	0.2
23	66	0.2
23	67	0.2
23	68	0.2
23	69	0.2
23	70	0.2
23	71	0.2
23	72	0.2
23	73	0.2
23	74	1
23	75	1
23	76	1
23	77	1
24	22	1
24	23	1
24	24	1
24	25	0.2
24	26	0.2
24	27	0.2
24	28	0.2
24	29	0.2
24	30	0.2
24	31	0.2
24	32	0.2
24	33	0.2
24	34	0.2
24	35	0.2
24	36	0.2
24	37	0.2
24	38	0.2
24	39	0.2
24	40	0.2
24	41	0.2
24	42	0.2
24	43	0.2
24	44	0.2
24	45	0.2
24	46	0.2
24	47	0.2
24	48	0.2
24	49	0.2
24	50	0.2
24	51	0.2
24	52	0.2
24	53	0.2
24	54	0.2
24	55	0.2
24	56	0.2
24	57	0.2
24	58	0.2
24	59	0.2
24	60	0.2
24	61	0.2
24	62	0.2
24	63	0.2
24	64	0.2
24	65	0.2
24	66	0.2
24	67	0.2
24	68	0.2
24	69	0.2
24	70	0.2
24	71	0.2
24	72	0.2
24	73	0.2
24	74	0.2
24	75	0.2
24	76	1
24	77	1
24	78	1
24	79	1
25	21	1
25	22	1
25	23	0.2
25	24	0.2
25	25	0.2
25	26	0.2
25	27	0.2
25	28	0.2
25	29	0.2
25	30	0.2
25	31	0.2
25	32	0.2
25	33	0.2
25	34	0.2
25	35	0.2
25	36	0.2
25	37	0.2
25	38	0.2
25	39	0.2
25	40	0.2
25	41	0.2
25	42	0.2
25	43	0.2
25	44	0.2
25	45	0.2
25	46	0.2
25	47	0.2
25	48	0.2
25	49	0.2
25	50	0.2
25	51	0.2
25	52	0.2
25	53	0.2
25	54	0.2
25	55	0.2
25	56	0.2
25	57	0.2
25	58	0.2
25	59	0.2
25	60	0.2
25	61	0.2
25	62	0.2
25	63	0.2
25	64	0.2
25	65	0.2
25	66	0.2
25	67	0.2
25	68	0.2
25	69	0.2
25	70	0.2
25	71	0.2
25	72	0.2
25	73	0.2
25	74	0.2
25	75	0.2
25	76	0.2
25	77	1
25	78	1
25	79	1
25	80	1
26	19	1
26	20	1
26	21	0.2
26	22	0.2
26	23	0.2
26	24	0.2
26	25	0.2
26	26	0.2
26	27	0.2
26	28	0.2
26	29	0.2
26	30	0.2
26	31	0.2
26	32	0.2
26	33	0.2
26	34	0.2
26	35	0.2
26	36	0.2
26	37	0.2
26	38	0.2
26	39	0.2
26	40	0.2
26	41	0.2
26	42	0.2
26	43	0.2
26	44	0.2
26	45	0.2
26	46	0.2
26	47	0.2
26	48	0.2
26	49	0.2
26	50	0.2
26	51	0.2
26	52	0.2
26	53	0.2
26	54	0.2
26	55	0.2
26	56	0.2
26	57	0.2
26	58	0.2
26	59	0.2
26	60	0.2
26	61	0.2
26	62	0.2
26	63	0.2
26	64	0.2
26	65	0.2
26	66	0.2
26	67	0.2
26	68	0.2
26	69	0.2
26	70	0.2
26	71	0.2
26	72	0.2
26	73	0.2
26	74	0.2
26	75	0.2
26	76	0.2
26	77	0.2
26	78	0.2
26	79	1
26	80	1
26	81	1
26	82	1
27	18	1
27	19	1
27	20	0.2
27	21	0.2
27	22	0.2
27	23	0.2
27	24	0.2
27	25	0.2
27	26	0.2
27	27	0.2
27	28	0.2
27	29	0.2
27	30	0.2
27	31	0.2
27	32	0.2
27	33	0.2
27	34	0.2
27	35	0.2
27	36	0.2
27	37	0.2
27	38	0.2
27	39	0.2
27	40	0.2
27	41	0.2
27	42	0.2
27	43	0.2
27	44	0.2
27	45	0.2
27	46	0.2
27	47	0.2
27	48	0.2
27	49	0.2
27	50	0.2
27	51	0.2
27	52	0.2
27	53	0.2
27	54	0.2
27	55	0.2
27	56	0.2
27	57	0.2
27	58	0.2
27	59	0.2
27	60	0.2
27	61	0.2
27	62	0.2
27	63	0.2
27	64	0.2
27	65	0.2
27	66	0.2
27	67	0.2
27	68	0.2
27	69	0.2
27	70	0.2
27	71	0.2
27	72	0.2
27	73	0.2
27	74	0.2
27	75	0.2
27	76	0.2
27	77	0.2
27	78	0.2
27	79	0.2
27	80	1
27	81	1
27	82	1
27	83	1
28	17	1
28	18	1
28	19	0.2
28	20	0.2
28	21	0.2
28	22	0.2
28	23	0.2
28	24	0.2
28	25	0.2
28	26	0.2
28	27	0.2
28	28	0.2
28	29	0.2
28	30	0.2
28	31	0.2
28	32	0.2
28	33	0.2
28	34	0.2
28	35	0.2
28	36	0.2
28	37	0.2
28	38	0.2
28	39	0.2
28	40	0.2
28	41	0.2
28	42	0.2
28	43	0.2
28	44	0.2
28	45	0.2
28	46	0.2
28	47	0.2
28	48	0.2
28	49	0.2
28	50	0.2
28	51	0.2
28	52	0.2
28	53	0.2
28	54	0.2
28	55	0.2
28	56	0.2
28	57	0.2
28	58	0.2
28	59	0.2
28	60	0.2
28	61	0.2
28	62	0.2
28	63	0.2
28	64	0.2
28	65	0.2
28	66	0.2
28	67	0.2
28	68	0.2
28	69	0.2
28	70	0.2
28	71	0.2
28	72	0.2
28	73	0.2
28	74	0.2
28	75	0.2
28	76	0.2
28	77	0.2
28	78	0.2
28	79	0.2
28	80	0.2
28	81	0.2
28	82	1
28	83	1
28	84	1
29	16	1
29	17	0.2
29	18	0.2
29	19	0.2
29	20	0.2
29	21	0.2
29	22	0.2
29	23	0.2
29	24	0.2
29	25	0.2
29	26	0.2
29	27	0.2
29	28	0.2
29	29	0.2
29	30	0.2
29	31	0.2
29	32	0.2
29	33	0.2
29	34	0.2
29	35	0.2
29	36	0.2
29	37	0.2
29	38	0.2
29	39	0.2
29	40	0.2
29	41	0.2
29	42	0.2
29	43	0.2
29	44	0.2
29	45	0.2
29	46	0.2
29	47	0.2
29	48	0.2
29	49	0.2
29	50	0.2
29	51	0.2
29	52	0.2
29	53	0.2
29	54	0.2
29	55	0.2
29	56	0.2
29	57	0.2
29	58	0.2
29	59	0.2
29	60	0.2
29	61	0.2
29	62	0.2
29	63	0.2
29	64	0.2
29	65	0.2
29	66	0.2
29	67	0.2
29	68	0.2
29	69	0.2
29	70	0.2
29	71	0.2
29	72	0.2
29	73	0.2
29	74	0.2
29	75	0.2
29	76	0.2
29	77	0.2
29	78	0.2
29	79	0.2
29	80	0.2
29	81	0.2
29	82	0.2
29	83	1
29	84	1
29	85	1
30	15	1
30	16	0.2
30	17	0.2
30	18	0.2
30	19	0.2
30	20	0.2
30	21	0.2
30	22	0.2
30	23	0.2
30	24	0.2
30	25	0.2
30	26	0.2
30	27	0.2
30	28	0.2
30	29	0.2
30	30	0.2
30	31	0.2
30	32	0.2
30	33	0.2
30	34	0.2
30	35	0.2
30	36	0.2
30	37	0.2
30	38	0.2
30	39	0.2
30	40	0.2
30	41	0.2
30	42	0.2
30	43	0.2
30	44	0.2
30	45	0.2
30	46	0.2
30	47	0.2
30	48	0.2
30	49	0.2
30	50	0.2
30	51	0.2
30	52	-5.5511e-17
30	53	-5.5511e-17
30	54	-5.5511e-17
30	55	-5.5511e-17
30	56	-5.5511e-17
30	57	-5.5511e-17
30	58	-5.5511e-17
30	59	-5.5511e-17
30	60	-5.5511e-17
30	61	-5.5511e-17
30	62	0.2
30	63	0.2
30	64	0.2
30	65	0.2
30	66	0.2
30	67	0.2
30	68	0.2
30	69	0.2
30	70	0.2
30	71	0.2
30	72	0.2
30	73	0.2
30	74	0.2
30	75	0.2
30	76	0.2
30	77	0.2
30	78	0.2
30	79	0.2
30	80	0.2
30	81	0.2
30	82	0.2
30	83	0.2
30	84	1
30	85	1
30	86	1
31	14	1
31	15	0.2
31	16	0.2
31	17	0.2
31	18	0.2
31	19	0.2
31	20	0.2
31	21	0.2
31	22	0.2
31	23	0.2
31	24	0.2
31	25	0.2
31	26	0.2
31	27	0.2
31	28	0.2
31	29	0.2
31	30	0.2
31	31	0.2
31	32	0.2
31	33	0.2
31	34	0.2
31	35	0.2
31	36	0.2
31	37	0.2
31	38	0.2
31	39	0.2
31	40	0.2
31	41	0.2
31	42	0.2
31	43	0.2
31	44	0.2
31	45	0.2
31	46	0.2
31	47	0.2
31	48	0.2
31	49	-5.5511e-17
31	50	-5.5511e-17
31	51	-5.5511e-17
31	52	-5.5511e-17
31	53	-5.5511e-17
31	54	-5.5511e-17
31	55	-5.5511e-17
31	56	-5.5511e-17
31	57	-5.5511e-17
31	58	-5.5511e-17
31	59	-5.5511e-17
31	60	-5.5511e-17
31	61	-5.5511e-17
31	62	-5.5511e-17
31	63	-5.5511e-17
31	64	0.2
31	65	0.2
31	66	0.2
31	67	0.2
31	68	0.2
31	69	0.2
31	70	0.2
31	71	0.2
31	72	0.2
31	73	0.2
31	74	0.2
31	75	0.2
31	76	0.2
31	77	0.2
31	78	0.2
31	79	0.2
31	80	0.2
31	81	0.2
31	82	0.2
31	83	0.2
31	84	0.2
31	85	1
31	86	1
31	87	1
32	13	1
32	14	0.2
32	15	0.2
32	16	0.2
32	17	0.2
32	18	0.2
32	19	0.2
32	20	0.2
32	21	0.2
32	22	0.2
32	23	0.2
32	24	0.2
32	25	0.2
32	26	0.2
32	27	0.2
32	28	0.2
32	29	0.2
32	30	0.2
32	31	0.2
32	32	0.2
32	33	0.2
32	34	0.2
32	35	0.2
32	36	0.2
32	37	0.2
32	38	0.2
32	39	0.2
32	40	0.2
32	41	0.2
32	42	0.2
32	43	0.2
32	44	0.2
32	45	0.2
32	46	-5.5511e-17
32	47	-5.5511e-17
32	48	-5.5511e-17
32	49	-5.5511e-17
32	50	-5.5511e-17
32	51	-5.5511e-17
32	52	-5.5511e-17
32	53	-5.5511e-17
32	54	-5.5511e-17
32	55	-5.5511e-17
32	56	-5.5511e-17
32	57	-5.5511e-17
32	58	-5.5511e-17
32	59	-5.5511e-17
32	60	-5.5511e-17
32	61	-5.5511e-17
32	62	-5.5511e-17
32	63	-5.5511e-17
32	64	0.2
32	65	0.2
32	66	0.2
32	67	0.2
32	68	0.2
32	69	0.2
32	70	0.2
32	71	0.2
32	72	0.2
32	73	0.2
32	74	0.2
32	75	0.2
32	76	0.2
32	77	0.2
32	78	0.2
32	79	0.2
32	80	0.2
32	81	0.2
32	82	0.2
32	83	0.2
32	84	0.2
32	85	0.2
32	86	1
32	87	1
32	88	1
33	12	1
33	13	1
33	14	0.2
33	15	0.2
33	16	0.2
33	17	0.2
33	18	0.2
33	19	0.2
33	20	0.2
33	21	0.2
33	22	0.2
33	23	0.2
33	24	0.2
33	25	0.2
33	26	0.2
33	27	0.2
33	28	0.2
33	29	0.2
33	30	0.2
33	31	0.2
33	32	0.2
33	33	0.2
33	34	0.2
33	35	0.2
33	36	0.2
33	37	0.2
33	38	0.2
33	39	0.2
33	40	0.2
33	41	0.2
33	42	0.2
33	43	0.2
33	44	-5.5511e-17
33	45	-5.5511e-17
33	46	-5.5511e-17
33	47	-5.5511e-17
33	48	-5.5511e-17
33	49	-5.5511e-17
33	50	-5.5511e-17
33	51	-5.5511e-17
33	52	-5.5511e-17
33	53	-5.5511e-17
33	54	-5.5511e-17
33	55	-5.5511e-17
33	56	-5.5511e-17
33	57	-5.5511e-17
33	58	-5.5511e-17
33	59	-5.5511e-17
33	60	-5.5511e-17
33	61	-5.5511e-17
33	62	-5.5511e-17
33	63	-5.5511e-17
33	64	0.2
33	65	0.2
33	66	0.2
33	67	0.2
33	68	0.2
33	69	0.2
33	70	0.2
33	71	0.2
33	72	0.2
33	73	0.2
33	74	0.2
33	75	0.2
33	76	0.2
33	77	0.2
33	78	0.2
33	79	0.2
33	80	0.2
33	81	0.2
33	82	0.2
33	83	0.2
33	84	0.2
33	85	0.2
33	86	0.2
33	87	1
33	88	1
33	89	1
34	11	1
34	12	1
34	13	0.2
34	14	0.2
34	15	0.2
34	16	0.2
34	17	0.2
34	18	0.2
34	19	0.2
34	20	0.2
34	21	0.2
34	22	0.2
34	23	0.2
34	24	0.2
34	25	0.2
34	26	0.2
34	27	0.2
34	28	0.2
34	29	0.2
34	30	0.2
34	31	0.2
34	32	0.2
34	33	0.2
34	34	0.2
34	35	0.2
34	36	0.2
34	37	0.2
34	38	0.2
34	39	0.2
34	40	0.2
34	41	0.2
34	42	-5.5511e-17
34	43	-5.5511e-17
34	44	-5.5511e-17
34	45	-5.5511e-17
34	46	-5.5511e-17
34	47	-5.5511e-17
34	48	-5.5511e-17
34	49	-5.5511e-17
34	50	-5.5511e-17
34	51	-5.5511e-17
34	52	-5.5511e-17
34	53	-5.5511e-17
34	54	-5.5511e-17
34	55	-5.5511e-17
34	56	-5.5511e-17
34	57	-5.5511e-17
34	58	-5.5511e-17
34	59	-5.5511e-17
34	60	-5.5511e-17
34	61	-5.5511e-17
34	62	-5.5511e-17
34	63	-5.5511e-17
34	64	0.2
34	65	0.2
34	66	0.2
34	67	0.2
34	68	0.2
34	69	0.2
34	70	0.2
34	71	0.2
34	72	0.2
34	73	0.2
34	74	0.2
34	75	0.2
34	76	0.2
34	77	0.2
34	78	0.2
34	79	0.2
34	80	0.2
34	81	0.2
34	82	0.2
34	83	0.2
34	84	0.2
34	85	0.2
34	86	0.2
34	87	1
34	88	1
34	89	1
34	90	1
35	10	1
35	11	1
35	12	0.2
35	13	0.2
35	14	0.2
35	15	0.2
35	16	0.2
35	17	0.2
35	18	0.2
35	19	0.2
35	20	0.2
35	21	0.2
35	22	0.2
35	23	0.2
35	24	0.2
35	25	0.2
35	26	0.2
35	27	0.2
35	28	0.2
35	29	0.2
35	30	0.2
35	31	0.2
35	32	0.2
35	33	0.2
35	34	0.2
35	35	0.2
35	36	0.2
35	37	0.2
35	38	0.2
35	39	0.2
35	40	-5.5511e-17
35	41	-5.5511e-17
35	42	-5.5511e-17
35	43	-5.5511e-17
35	44	-5.5511e-17
35	45	-5.5511e-17
35	46	-5.5511e-17
35	47	-5.5511e-17
35	48	-5.5511e-17
35	49	-5.5511e-17
35	50	-5.5511e-17
35	51	-5.5511e-17
35	52	-5.5511e-17
35	53	-5.5511e-17
35	54	-5.5511e-17
35	55	-5.5511e-17
35	56	-5.5511e-17
35	57	-5.5511e-17
35	58	-5.5511e-17
35	59	-5.5511e-17
35	60	-5.5511e-17
35	61	-5.5511e-17
35	62	-5.5511e-17
35	63	-5.5511e-17
35	64	0.2
35	65	0.2
35	66	0.2
35	67	0.2
35	68	0.2
35	69	0.2
35	70	0.2
35	71	0.2
35	72	0.2
35	73	0.2
35	74	0.2
35	75	0.2
35	76	0.2
35	77	0.2
35	78	0.2
35	79	0.2
35	80	0.2
35	81	0.2
35	82	0.2
35	83	0.2
35	84	0.2
35	85	0.2
35	86	0.2
35	87	0.2
35	88	1
35	89	1
35	90	1
35	91	1
36	10	1
36	11	0.2
36	12	0.2
36	13	0.2
36	14	0.2
36	15	0.2
36	16	0.2
36	17	0.2
36	18	0.2
36	19	0.2
36	20	0.2
36	21	0.2
36	22	0.2
36	23	0.2
36	24	0.2
36	25	0.2
36	26	0.2
36	27	0.2
36	28	0.2
36	29	0.2
36	30	0.2
36	31	0.2
36	32	0.2
36	33	0.2
36	34	0.2
36	35	0.2
36	36	0.2
36	37	0.2
36	38	0.2
36	39	-5.5511e-17
36	40	-5.5511e-17
36	41	-5.5511e-17
36	42	-5.5511e-17
36	43	-5.5511e-17
36	44	-5.5511e-17
36	45	-5.5511e-17
36	46	-5.5511e-17
36	47	-5.5511e-17
36	48	-5.5511e-17
36	49	-5.5511e-17
36	50	-5.5511e-17
36	51	-5.5511e-17
36	52	-5.5511e-17
36	53	-5.5511e-17
36	54	-5.5511e-17
36	55	-5.5511e-17
36	56	-5.5511e-17
36	57	-5.5511e-17
36	58	-5.5511e-17
36	59	-5.5511e-17
36	60	-5.5511e-17
36	61	-5.5511e-17
36	62	-5.5511e-17
36	63	0.2
36	64	0.2
36	65	0.2
36	66	0.2
36	67	0.2
36	68	0.2
36	69	0.2
36	70	0.2
36	71	0.2
36	72	0.2
36	73	0.2
36	74	0.2
36	75	0.2
36	76	0.2
36	77	0.2
36	78	0.2
36	79	0.2
36	80	0.2
36	81	0.2
36	82	0.2
36	83	0.2
36	84	0.2
36	85	0.2
36	86	0.2
36	87	0.2
36	88	0.2
36	89	1
36	90	1
36	91	1
37	9	1
37	10	1
37	11	0.2
37	12	0.2
37	13	0.2
37	14	0.2
37	15	0.2
37	16	0.2
37	17	0.2
37	18	0.2
37	19	0.2
37	20	0.2
37	21	0.2
37	22	0.2
37	23	0.2
37	24	0.2
37	25	0.2
37	26	0.2
37	27	0.2
37	28	0.2
37	29	0.2
37	30	0.2
37	31	0.2
37	32	0.2
37	33	0.2
37	34	0.2
37	35	0.2
37	36	0.2
37	37	-5.5511e-17
37	38	-5.5511e-17
37	39	-5.5511e-17
37	40	-5.5511e-17
37	41	-5.5511e-17
37	42	-5.5511e-17
37	43	-5.5511e-17
37	44	-5.5511e-17
37	45	-5.5511e-17
37	46	-5.5511e-17
37	47	-5.5511e-17
37	48	-5.5511e-17
37	49	-5.5511e-17
37	50	-5.5511e-17
37	51	-5.5511e-17
37	52	-5.5511e-17
37	53	-5.5511e-17
37	54	-5.5511e-17
37	55	-5.5511e-17
37	56	-5.5511e-17
37	57	-5.5511e-17
37	58	-5.5511e-17
37	59	-5.5511e-17
37	60	-5.5511e-17
37	61	-5.5511e-17
37	62	-5.5511e-17
37	63	0.2
37	64	0.2
37	65	0.2
37	66	0.2
37	67	0.2
37	68	0.2
37	69	0.2
37	70	0.2
37	71	0.2
37	72	0.2
37	73	0.2
37	74	0.2
37	75	0.2
37	76	0.2
37	77	0.2
37	78	0.2
37	79	0.2
37	80	0.2
37	81	0.2
37	82	0.2
37	83	0.2
37	84	0.2
37	85	0.2
37	86	0.2
37	87	0.2
37	88	0.2
37	89	0.2
37	90	1
37	91	1
37	92	1
38	9	1
38	10	0.2
38	11	0.2
38	12	0.2
38	13	0.2
38	14	0.2
38	15	0.2
38	16	0.2
38	17	0.2
38	18	0.2
38	19	0.2
38	20	0.2
38	21	0.2
38	22	0.2
38	23	0.2
38	24	0.2
38	25	0.2
38	26	0.2
38	27	0.2
38	28	0.2
38	29	0.2
38	30	0.2
38	31	0.2
38	32	0.2
38	33	0.2
38	34	0.2
38	35	0.2
38	36	-5.5511e-17
38	37	-5.5511e-17
38	38	-5.5511e-17
38	39	-5.5511e-17
38	40	-5.5511e-17
38	41	-5.5511e-17
38	42	-5.5511e-17
38	43	-5.5511e-17
38	44	-5.5511e-17
38	45	-5.5511e-17
38	46	-5.5511e-17
38	47	-5.5511e-17
38	48	-5.5511e-17
38	49	-5.5511e-17
38	50	-5.5511e-17
38	51	-5.5511e-17
38	52	-5.5511e-17
38	53	-5.5511e-17
38	54	-5.5511e-17
38	55	-5.5511e-17
38	56	-5.5511e-17
38	57	-5.5511e-17
38	58	-5.5511e-17
38	59	-5.5511e-17
38	60	-5.5511e-17
38	61	-5.5511e-17
38	62	0.2
38	63	0.2
38	64	0.2
38	65	0.2
38	66	0.2
38	67	0.2
38	68	0.2
38	69	0.2
38	70	0.2
38	71	0.2
38	72	0.2
38	73	0.2
38	74	0.2
38	75	0.2
38	76	0.2
38	77	0.2
38	78	0.2
38	79	0.2
38	80	0.2
38	81	0.2
38	82	0.2
38	83	0.2
38	84	0.2
38	85	0.2
38	86	0.2
38	87	0.2
38	88	0.2
38	89	0.2
38	90	1
38	91	1
38	92	1
39	8	1
39	9	1
39	10	0.2
39	11	0.2
39	12	0.2
39	13	0.2
39	14	0.2
39	15	0.2
39	16	0.2
39	17	0.2
39	18	0.2
39	19	0.2
39	20	0.2
39	21	0.2
39	22	0.2
39	23	0.2
39	24	0.2
39	25	0.2
39	26	0.2
39	27	0.2
39	28	0.2
39	29	0.2
39	30	0.2
39	31	0.2
39	32	0.2
39	33	0.2
39	34	-5.5511e-17
39	35	-5.5511e-17
39	36	-5.5511e-17
39	37	-5.5511e-17
39	38	-5.5511e-17
39	39	-5.5511e-17
39	40	-5.5511e-17
39	41	-5.5511e-17
39	42	-5.5511e-17
39	43	-5.5511e-17
39	44	-5.5511e-17
39	45	-5.5511e-17
39	46	-5.5511e-17
39	47	-5.5511e-17
39	48	-5.5511e-17
39	49	-5.5511e-17
39	50	-5.5511e-17
39	51	-5.5511e-17
39	52	-5.5511e-17
39	53	-5.5511e-17
39	54	-5.5511e-17
39	55	-5.5511e-17
39	56	-5.5511e-17
39	57	-5.5511e-17
39	58	-5.5511e-17
39	59	-5.5511e-17
39	60	-5.5511e-17
39	61	0.2
39	62	0.2
39	63	0.2
39	64	0.2
39	65	0.2
39	66	0.2
39	67	0.2
39	68	0.2
39	69	0.2
39	70	0.2
39	71	0.2
39	72	0.2
39	73	0.2
39	74	0.2
39	75	0.2
39	76	0.2
39	77	0.2
39	78	0.2
39	79	0.2
39	80	0.2
39	81	0.2
39	82	0.2
39	83	0.2
39	84	0.2
39	85	0.2
39	86	0.2
39	87	0.2
39	88	0.2
39	89	0.2
39	90	0.2
39	91	1
39	92	1
39	93	1
40	8	1
40	9	0.2
40	10	0.2
40	11	0.2
40	12	0.2
40	13	0.2
40	14	0.2
40	15	0.2
40	16	0.2
40	17	0.2
40	18	0.2
40	19	0.2
40	20	0.2
40	21	0.2
40	22	0.2
40	23	0.2
40	24	0.2
40	25	0.2
40	26	0.2
40	27	0.2
40	28	0.2
40	29	0.2
40	30	0.2
40	31	0.2
40	32	0.2
40	33	-5.5511e-17
40	34	-5.5511e-17
40	35	-5.5511e-17
40	36	-5.5511e-17
40	37	-5.5511e-17
40	38	-5.5511e-17
40	39	-5.5511e-17
40	40	-5.5511e-17
40	41	-5.5511e-17
40	42	-5.5511e-17
40	43	-5.5511e-17
40	44	-5.5511e-17
40	45	-5.5511e-17
40	46	-5.5511e-17
40	47	-5.5511e-17
40	48	-5.5511e-17
40	49	-5.5511e-17
40	50	-5.5511e-17
40	51	-5.5511e-17
40	52	-5.5511e-17
40	53	-5.5511e-17
40	54	-5.5511e-17
40	55	-5.5511e-17
40	56	-5.5511e-17
40	57	-5.5511e-17
40	58	-5.5511e-17
40	59	-5.5511e-17
40	60	0.2
40	61	0.2
40	62	0.2
40	63	0.2
40	64	0.2
40	65	0.2
40	66	0.2
40	67	0.2
40	68	0.2
40	69	0.2
40	70	0.2
40	71	0.2
40	72	0.2
40	73	0.2
40	74	0.2
40	75	0.2
40	76	0.2
40	77	0.2
40	78	0.2
40	79	0.2
40	80	0.2
40	81	0.2
40	82	0.2
40	83	0.2
40	84	0.2
40	85	0.2
40	86	0.2
40	87	0.2
40	88	0.2
40	89	0.2
40	90	0.2
40	91	1
40	92	1
40	93	1
41	7	1
41	8	1
41	9	0.2
41	10	0.2
41	11	0.2
41	12	0.2
41	13	0.2
41	14	0.2
41	15	0.2
41	16	0.2
41	17	0.2
41	18	0.2
41	19	0.2
41	20	0.2
41	21	0.2
41	22	0.2
41	23	0.2
41	24	0.2
41	25	0.2
41	26	0.2
41	27	0.2
41	28	0.2
41	29	0.2
41	30	0.2
41	31	0.2
41	32	-5.5511e-17
41	33	-5.5511e-17
41	34	-5.5511e-17
41	35	-5.5511e-17
41	36	-5.5511e-17
41	37	-5.5511e-17
41	38	-5.5511e-17
41	39	-5.5511e-17
41	40	-5.5511e-17
41	41	-5.5511e-17
41	42	-5.5511e-17
41	43	-5.5511e-17
41	44	-5.5511e-17
41	45	-5.5511e-17
41	46	-5.5511e-17
41	47	-5.5511e-17
41	48	-5.5511e-17
41	49	-5.5511e-17
41	50	-5.5511e-17
41	51	-5.5511e-17
41	52	-5.5511e-17
41	53	-5.5511e-17
41	54	-5.5511e-17
41	55	-5.5511e-17
41	56	-5.5511e-17
41	57	-5.5511e-17
41	58	-5.5511e-17
41	59	0.2
41	60	0.2
41	61	0.2
41	62	0.2
41	63	0.2
41	64	0.2
41	65	0.2
41	66	0.3
41	67	0.3
41	68	0.3
41	69	0.3
41	70	0.3
41	71	0.2
41	72	0.2
41	73	0.2
41	74	0.2
41	75	0.2
41	76	0.2
41	77	0.2
41	78	0.2
41	79	0.2
41	80	0.2
41	81	0.2
41	82	0.2
41	83	0.2
41	84	0.2
41	85	0.2
41	86	0.2
41	87	0.2
41	88	0.2
41	89	0.2
41	90	0.2
41	91	1
41	92	1
41	93	1
41	94	1
42	7	1
42	8	0.2
42	9	0.2
42	10	0.2
42	11	0.2
42	12	0.2
42	13	0.2
42	14	0.2
42	15	0.2
42	16	0.2
42	17	0.2
42	18	0.2
42	19	0.2
42	20	0.2
42	21	0.2
42	22	0.2
42	23	0.2
42	24	0.2
42	25	0.2
42	26	0.2
42	27	0.2
42	28	0.2
42	29	0.2
42	30	0.2
42	31	-5.5511e-17
42	32	-5.5511e-17
42	33	-5.5511e-17
42	34	-5.5511e-17
42	35	-5.5511e-17
42	36	-5.5511e-17
42	37	-5.5511e-17
42	38	-5.5511e-17
42	39	-5.5511e-17
42	40	-5.5511e-17
42	41	-5.5511e-17
42	42	-5.5511e-17
42	43	-5.5511e-17
42	44	-5.5511e-17
42	45	-5.5511e-17
42	46	-5.5511e-17
42	47	-5.5511e-17
42	48	-5.5511e-17
42	49	-5.5511e-17
42	50	-5.5511e-17
42	51	-5.5511e-17
42	52	-5.5511e-17
42	53	-5.5511e-17
42	54	-5.5511e-17
42	55	-5.5511e-17
42	56	-5.5511e-17
42	57	-5.5511e-17
42	58	0.2
42	59	0.2
42	60	0.2
42	61	0.2
42	62	0.2
42	63	0.3
42	64	0.3
42	65	0.3
42	66	0.3
42	67	0.3
42	68	0.3
42	69	0.3
42	70	0.3
42	71	0.3
42	72	0.3
42	73	0.3
42	74	0.2
42	75	0.2
42	76	0.2
42	77	0.2
42	78	0.2
42	79	0.2
42	80	0.2
42	81	0.2
42	82	0.2
42	83	0.2
42	84	0.2
42	85	0.2
42	86	0.2
42	87	0.2
42	88	0.2
42	89	0.2
42	90	0.2
42	91	0.2
42	92	1
42	93	1
42	94	1
43	7	1
43	8	0.2
43	9	0.2
43	10	0.2
43	11	0.2
43	12	0.2
43	13	0.2
43	14	0.2
43	15	0.2
43	16	0.2
43	17	0.2
43	18	0.2
43	19	0.2
43	20	0.2
43	21	0.2
43	22	0.2
43	23	0.2
43	24	0.2
43	25	0.2
43	26	0.2
43	27	0.2
43	28	0.2
43	29	0.2
43	30	-5.5511e-17
43	31	-5.5511e-17
43	32	-5.5511e-17
43	33	-5.5511e-17
43	34	-5.5511e-17
43	35	-5.5511e-17
43	36	-5.5511e-17
43	37	-5.5511e-17
43	38	-5.5511e-17
43	39	-5.5511e-17
43	40	-5.5511e-17
43	41	-5.5511e-17
43	42	-5.5511e-17
43	43	-5.5511e-17
43	44	-5.5511e-17
43	45	-5.5511e-17
43	46	-5.5511e-17
43	47	-5.5511e-17
43	48	-5.5511e-17
43	49	-5.5511e-17
43	50	-5.5511e-17
43	51	-5.5511e-17
43	52	-5.5511e-17
43	53	-5.5511e-17
43	54	-5.5511e-17
43	55	-5.5511e-17
43	56	-5.5511e-17
43	57	0.2
43	58	0.2
43	59	0.2
43	60	0.2
43	61	0.3
43	62	0.3
43	63	0.3
43	64	0.3
43	65	0.3
43	66	0.3
43	67	0.3
43	68	0.3
43	69	0.3
43	70	0.3
43	71	0.3
43	72	0.3
43	73	0.3
43	74	0.3
43	75	0.3
43	76	0.2
43	77	0.2
43	78	0.2
43	79	0.2
43	80	0.2
43	81	0.2
43	82	0.2
43	83	0.2
43	84	0.2
43	85	0.2
43	86	0.2
43	87	0.2
43	88	0.2
43	89	0.2
43	90	0.2
43	91	0.2
43	92	1
43	93	1
43	94	1
44	6	1
44	7	1
44	8	0.2
44	9	0.2
44	10	0.2
44	11	0.2
44	12	0.2
44	13	0.2
44	14	0.2
44	15	0.2
44	16	0.2
44	17	0.2
44	18	0.2
44	19	0.2
44	20	0.2
44	21	0.2
44	22	0.2
44	23	0.2
44	24	0.2
44	25	0.2
44	26	0.2
44	27	0.2
44	28	0.2
44	29	0.2
44	30	-5.5511e-17
44	31	-5.5511e-17
44	32	-5.5511e-17
44	33	-5.5511e-17
44	34	-5.5511e-17
44	35	-5.5511e-17
44	36	-5.5511e-17
44	37	-5.5511e-17
44	38	-5.5511e-17
44	39	-5.5511e-17
44	40	-5.5511e-17
44	41	-5.5511e-17
44	42	-5.5511e-17
44	43	-5.5511e-17
44	44	-5.5511e-17
44	45	-5.5511e-17
44	46	-5.5511e-17
44	47	-5.5511e-17
44	48	-5.5511e-17
44	49	-5.5511e-17
44	50	-5.5511e-17
44	51	-5.5511e-17
44	52	-5.5511e-17
44	53	-5.5511e-17
44	54	-5.5511e-17
44	55	-5.5511e-17
44	56	0.2
44	57	0.2
44	58	0.2
44	59	0.2
44	60	0.3
44	61	0.3
44	62	0.3
44	63	0.3
44	64	0.3
44	65	0.3
44	66	0.3
44	67	0.3
44	68	0.3
44	69	0.3
44	70	0.3
44	71	0.3
44	72	0.3
44	73	0.3
44	74	0.3
44	75	0.3
44	76	0.3
44	77	0.2
44	78	0.2
44	79	0.2
44	80	0.2
44	81	0.2
44	82	0.2
44	83	0.2
44	84	0.2
44	85	0.2
44	86	0.2
44	87	0.2
44	88	0.2
44	89	0.2
44	90	0.2
44	91	0.2
44	92	1
44	93	1
44	94	1
44	95	1
45	6	1
45	7	0.2
45	8	0.2
45	9	0.2
45	10	0.2
45	11	0.2
45	12	0.2
45	13	0.2
45	14	0.2
45	15	0.2
45	16	0.2
45	17	0.2
45	18	0.2
45	19	0.2
45	20	0.3
45	21	0.3
45	22	0.2
45	23	0.2
45	24	0.2
45	25	0.2
45	26	0.2
45	27	0.2
45	28	0.2
45	29	-5.5511e-17
45	30	-5.5511e-17
45	31	-5.5511e-17
45	32	-5.5511e-17
45	33	-5.5511e-17
45	34	-5.5511e-17
45	35	-5.5511e-17
45	36	-5.5511e-17
45	37	-5.5511e-17
45	38	-5.5511e-17
45	39	-5.5511e-17
45	40	-5.5511e-17
45	41	-5.5511e-17
45	42	-5.5511e-17
45	43	-5.5511e-17
45	44	-5.5511e-17
45	45	-5.5511e-17
45	46	-5.5511e-17
45	47	-5.5511e-17
45	48	-5.5511e-17
45	49	-5.5511e-17
45	50	-5.5511e-17
45	51	-5.5511e-17
45	52	-5.5511e-17
45	53	-5.5511e-17
45	54	0.2
45	55	0.2
45	56	0.2
45	57	0.2
45	58	0.2
45	59	0.3
45	60	0.3
45	61	0.3
45	62	0.3
45	63	0.3
45	64	0.3
45	65	0.3
45	66	0.3
45	67	0.3
45	68	0.3
45	69	0.3
45	70	0.3
45	71	0.3
45	72	0.3
45	73	0.3
45	74	0.3
45	75	0.3
45	76	0.3
45	77	0.3
45	78	0.2
45	79	0.2
45	80	0.2
45	81	0.2
45	82	0.2
45	83	0.2
45	84	0.2
45	85	0.2
45	86	0.2
45	87	0.2
45	88	0.2
45	89	0.2
45	90	0.2
45	91	0.2
45	92	0.2
45	93	1
45	94	1
45	95	1
46	6	1
46	7	0.2
46	8	0.2
46	9	0.2
46	10	0.2
46	11	0.2
46	12	0.2
46	13	0.2
46	14	0.2
46	15	0.2
46	16	0.2
46	17	0.2
46	18	0.2
46	19	0.2
46	20	0.3
46	21	0.3
46	22	0.2
46	23	0.2
46	24	0.2
46	25	0.2
46	26	0.2
46	27	0.2
46	28	-5.5511e-17
46	29	-5.5511e-17
46	30	-5.5511e-17
46	31	-5.5511e-17
46	32	-5.5511e-17
46	33	-5.5511e-17
46	34	-5.5511e-17
46	35	-5.5511e-17
46	36	-5.5511e-17
46	37	-5.5511e-17
46	38	-5.5511e-17
46	39	-5.5511e-17
46	40	-5.5511e-17
46	41	-5.5511e-17
46	42	-5.5511e-17
46	43	-5.5511e-17
46	44	-5.5511e-17
46	45	-5.5511e-17
46	46	-5.5511e-17
46	47	-5.5511e-17
46	48	-5.5511e-17
46	49	-5.5511e-17
46	50	-5.5511e-17
46	51	-5.5511e-17
46	52	-5.5511e-17
46	53	0.2
46	54	0.2
46	55	0.2
46	56	0.2
46	57	0.2
46	58	0.3
46	59	0.3
46	60	0.3
46	61	0.3
46	62	0.3
46	63	0.3
46	64	0.3
46	65	0.3
46	66	0.3
46	67	0.3
46	68	0.3
46	69	0.3
46	70	0.3
46	71	0.3
46	72	0.3
46	73	0.3
46	74	0.3
46	75	0.3
46	76	0.3
46	77	0.3
46	78	0.3
46	79	0.2
46	80	0.2
46	81	0.2
46	82	0.2
46	83	0.2
46	84	0.2
46	85	0.2
46	86	0.2
46	87	0.2
46	88	0.2
46	89	0.2
46	90	0.2
46	91	0.2
46	92	0.2
46	93	1
46	94	1
46	95	1
47	6	1
47	7	0.2
47	8	0.2
47	9	0.2
47	10	0.2
47	11	0.2
47	12	0.2
47	13	0.2
47	14	0.2
47	15	0.2
47	16	0.2
47	17	0.2
47	18	0.2
47	19	0.2
47	20	0.3
47	21	0.3
47	22	0.2
47	23	0.2
47	24	0.2
47	25	0.2
47	26	0.2
47	27	0.2
47	28	-5.5511e-17
47	29	-5.5511e-17
47	30	-5.5511e-17
47	31	-5.5511e-17
47	32	-5.5511e-17
47	33	-5.5511e-17
47	34	-5.5511e-17
47	35	-5.5511e-17
47	36	-5.5511e-17
47	37	-5.5511e-17
47	38	-5.5511e-17
47	39	-5.5511e-17
47	40	-5.5511e-17
47	41	-5.5511e-17
47	42	-5.5511e-17
47	43	-5.5511e-17
47	44	-5.5511e-17
47	45	-5.5511e-17
47	46	-5.5511e-17
47	47	-5.5511e-17
47	48	-5.5511e-17
47	49	-5.5511e-17
47	50	-5.5511e-17
47	51	0.2
47	52	0.2
47	53	0.2
47	54	0.2
47	55	0.2
47	56	0.2
47	57	0.3
47	58	0.3
47	59	0.3
47	60	0.3
47	61	0.3
47	62	0.3
47	63	0.3
47	64	0.3
47	65	0.3
47	66	0.3
47	67	0.3
47	68	0.3
47	69	0.3
47	70	0.3
47	71	0.3
47	72	0.3
47	73	0.3
47	74	0.3
47	75	0.3
47	76	0.3
47	77	0.3
47	78	0.3
47	79	0.2
47	80	0.2
47	81	0.2
47	82	0.2
47	83	0.2
47	84	0.2
47	85	0.2
47	86	0.2
47	87	0.2
47	88	0.2
47	89	0.2
47	90	0.2
47	91	0.2
47	92	0.2
47	93	1
47	94	1
47	95	1
48	6	1
48	7	0.2
48	8	0.2
48	9	0.2
48	10	0.2
48	11	0.2
48	12	0.2
48	13	0.2
48	14	0.2
48	15	0.2
48	16	0.2
48	17	0.2
48	18	0.2
48	19	0.2
48	20	0.3
48	21	0.3
48	22	0.2
48	23	0.2
48	24	0.2
48	25	0.2
48	26	0.2
48	27	0.2
48	28	-5.5511e-17
48	29	-5.5511e-17
48	30	-5.5511e-17
48	31	-5.5511e-17
48	32	-5.5511e-17
48	33	-5.5511e-17
48	34	-5.5511e-17
48	35	-5.5511e-17
48	36	-5.5511e-17
48	37	-5.5511e-17
48	38	-5.5511e-17
48	39	-5.5511e-17
48	40	-5.5511e-17
48	41	-5.5511e-17
48	42	-5.5511e-17
48	43	-5.5511e-17
48	44	-5.5511e-17
48	45	-5.5511e-17
48	46	-5.5511e-17
48	47	-5.5511e-17
48	48	-5.5511e-17
48	49	0.2
48	50	0.2
48	51	0.2
48	52	0.2
48	53	0.2
48	54	0.2
48	55	0.2
48	56	0.2
48	57	0.3
48	58	0.3
48	59	0.3
48	60	0.3
48	61	0.3
48	62	0.3
48	63	0.3
48	64	0.3
48	65	0.3
48	66	0.3
48	67	0.3
48	68	0.3
48	69	0.3
48	70	0.3
48	71	0.3
48	72	0.3
48	73	0.3
48	74	0.3
48	75	0.3
48	76	0.3
48	77	0.3
48	78	0.3
48	79	0.3
48	80	0.2
48	81	0.2
48	82	0.2
48	83	0.2
48	84	0.2
48	85	0.2
48	86	0.2
48	87	0.2
48	88	0.2
48	89	0.2
48	90	0.2
48	91	0.2
48	92	0.2
48	93	1
48	94	1
48	95	1
49	6	1
49	7	0.2
49	8	0.2
49	9	0.2
49	10	0.2
49	11	0.2
49	12	0.2
49	13	0.2
49	14	0.2
49	15	0.2
49	16	0.2
49	17	0.2
49	18	0.2
49	19	0.2
49	20	0.2
49	21	0.2
49	22	0.2
49	23	0.2
49	24	0.2
49	25	0.2
49	26	0.2
49	27	0.2
49	28	-5.5511e-17
49	29	-5.5511e-17
49	30	-5.5511e-17
49	31	-5.5511e-17
49	32	-5.5511e-17
49	33	-5.5511e-17
49	34	-5.5511e-17
49	35	-5.5511e-17
49	36	-5.5511e-17
49	37	-5.5511e-17
49	38	-5.5511e-17
49	39	-5.5511e-17
49	40	-5.5511e-17
49	41	-5.5511e-17
49	42	-5.5511e-17
49	43	-5.5511e-17
49	44	-5.5511e-17
49	45	-5.5511e-17
49	46	-5.5511e-17
49	47	0.2
49	48	0.2
49	49	0.2
49	50	0.2
49	51	0.2
49	52	0.2
49	53	0.2
49	54	0.2
49	55	0.2
49	56	0.2
49	57	0.3
49	58	0.3
49	59	0.3
49	60	0.3
49	61	0.3
49	62	0.3
49	63	0.3
49	64	0.3
49	65	0.3
49	66	0.3
49	67	0.3
49	68	0.3
49	69	0.3
49	70	0.3
49	71	0.3
49	72	0.3
49	73	0.3
49	74	0.3
49	75	0.3
49	76	0.3
49	77	0.3
49	78	0.3
49	79	0.3
49	80	0.2
49	81	0.2
49	82	0.2
49	83	0.2
49	84	0.2
49	85	0.2
49	86	0.2
49	87	0.2
49	88	0.2
49	89	0.2
49	90	0.2
49	91	0.2
49	92	0.2
49	93	1
49	94	1
49	95	1
50	5	1
50	6	1
50	7	0.2
50	8	0.2
50	9	0.2
50	10	0.2
50	11	0.2
50	12	0.2
50	13	0.2
50	14	0.2
50	15	0.2
50	16	0.2
50	17	0.2
50	18	0.2
50	19	0.2
50	20	0.3
50	21	0.3
50	22	0.2
50	23	0.2
50	24	0.2
50	25	0.2
50	26	0.2
50	27	0.2
50	28	-5.5511e-17
50	29	-5.5511e-17
50	30	-5.5511e-17
50	31	-5.5511e-17
50	32	-5.5511e-17
50	33	-5.5511e-17
50	34	-5.5511e-17
50	35	-5.5511e-17
50	36	-5.5511e-17
50	37	-5.5511e-17
50	38	-5.5511e-17
50	39	-5.5511e-17
50	40	-5.5511e-17
50	41	-5.5511e-17
50	42	-5.5511e-17
50	43	-5.5511e-17
50	44	-5.5511e-17
50	45	0.2
50	46	0.2
50	47	0.2
50	48	0.2
50	49	0.2
50	50	0.2
50	51	0.2
50	52	0.2
50	53	0.2
50	54	0.2
50	55	0.2
50	56	0.2
50	57	0.3
50	58	0.3
50	59	0.3
50	60	0.3
50	61	0.3
50	62	0.3
50	63	0.3
50	64	0.3
50	65	0.3
50	66	0.3
50	67	0.3
50	68	0.3
50	69	0.3
50	70	0.3
50	71	0.3
50	72	0.3
50	73	0.3
50	74	0.3
50	75	0.3
50	76	0.3
50	77	0.3
50	78	0.3
50	79	0.3
50	80	0.2
50	81	0.2
50	82	0.2
50	83	0.2
50	84	0.2
50	85	0.2
50	86	0.2
50	87	0.2
50	88	0.2
50	89	0.2
50	90	0.2
50	91	0.2
50	92	0.2
50	93	1
50	94	1
50	95	1
50	96	1
51	5	1
51	6	1
51	7	0.2
51	8	0.2
51	9	0.2
51	10	0.2
51	11	0.2
51	12	0.2
51	13	0.2
51	14	0.2
51	15	0.2
51	16	0.2
51	17	0.2
51	18	0.2
51	19	0.2
51	20	0.3
51	21	0.3
51	22	0.2
51	23	0.2
51	24	0.2
51	25	0.2
51	26	0.2
51	27	0.2
51	28	-5.5511e-17
51	29	-5.5511e-17
51	30	-5.5511e-17
51	31	-5.5511e-17
51	32	-5.5511e-17
51	33	-5.5511e-17
51	34	-5.5511e-17
51	35	-5.5511e-17
51	36	-5.5511e-17
51	37	-5.5511e-17
51	38	-5.5511e-17
51	39	-5.5511e-17
51	40	-5.5511e-17
51	41	-5.5511e-17
51	42	0.2
51	43	0.2
51	44	0.2
51	45	0.2
51	46	0.2
51	47	0.2
51	48	0.2
51	49	0.2
51	50	0.2
51	51	0.2
51	52	0.2
51	53	0.2
51	54	0.2
51	55	0.2
51	56	0.2
51	57	0.3
51	58	0.3
51	59	0.3
51	60	0.3
51	61	0.3
51	62	0.3
51	63	0.3
51	64	0.3
51	65	0.3
51	66	0.3
51	67	0.3
51	68	0.3
51	69	0.3
51	70	0.3
51	71	0.3
51	72	0.3
51	73	0.3
51	74	0.3
51	75	0.3
51	76	0.3
51	77	0.3
51	78	0.3
51	79	0.3
51	80	0.2
51	81	0.2
51	82	0.2
51	83	0.2
51	84	0.2
51	85	0.2
51	86	0.2
51	87	0.2
51	88	0.2
51	89	0.2
51	90	0.2
51	91	0.2
51	92	0.2
51	93	1
51	94	1
51	95	1
51	96	1
52	6	1
52	7	0.2
52	8	0.2
52	9	0.2
52	10	0.2
52	11	0.2
52	12	0.2
52	13	0.2
52	14	0.2
52	15	0.2
52	16	0.2
52	17	0.2
52	18	0.2
52	19	0.2
52	20	0.2
52	21	0.2
52	22	0.2
52	23	0.2
52	24	0.2
52	25	0.2
52	26	0.2
52	27	0.2
52	28	0.2
52	29	0.2
52	30	-5.5511e-17
52	31	-5.5511e-17
52	32	-5.5511e-17
52	33	-5.5511e-17
52	34	-5.5511e-17
52	35	-5.5511e-17
52	36	-5.5511e-17
52	37	-5.5511e-17
52	38	-5.5511e-17
52	39	0.2
52	40	0.2
52	41	0.2
52	42	0.2
52	43	0.2
52	44	0.2
52	45	0.2
52	46	0.2
52	47	0.2
52	48	0.2
52	49	0.2
52	50	0.2
52	51	0.2
52	52	0.2
52	53	0.2
52	54	0.2
52	55	0.2
52	56	0.2
52	57	0.3
52	58	0.3
52	59	0.3
52	60	0.3
52	61	0.3
52	62	0.3
52	63	0.3
52	64	0.3
52	65	0.3
52	66	0.3
52	67	0.3
52	68	0.3
52	69	0.3
52	70	0.3
52	71	0.3
52	72	0.3
52	73	0.3
52	74	0.3
52	75	0.3
52	76	0.3
52	77	0.3
52	78	0.3
52	79	0.3
52	80	0.2
52	81	0.2
52	82	0.2
52	83	0.2
52	84	0.2
52	85	0.2
52	86	0.2
52	87	0.2
52	88	0.2
52	89	0.2
52	90	0.2
52	91	0.2
52	92	0.2
52	93	1
52	94	1
52	95	1
53	6	1
53	7	0.2
53	8	0.2
53	9	0.2
53	10	0.2
53	11	0.2
53	12	0.2
53	13	0.2
53	14	0.2
53	15	0.2
53	16	0.2
53	17	0.2
53	18	0.2
53	19	0.3
53	20	0.3
53	21	0.3
53	22	0.3
53	23	0.2
53	24	0.2
53	25	0.2
53	26	0.2
53	27	0.2
53	28	0.2
53	29	0.2
53	30	0.2
53	31	0.2
53	32	0.2
53	33	0.2
53	34	0.2
53	35	0.2
53	36	0.2
53	37	0.2
53	38	0.2
53	39	0.2
53	40	0.2
53	41	0.2
53	42	0.2
53	43	0.2
53	44	0.2
53	45	0.2
53	46	0.2
53	47	0.2
53	48	0.2
53	49	0.2
53	50	0.2
53	51	0.2
53	52	0.2
53	53	0.2
53	54	0.2
53	55	0.2
53	56	0.2
53	57	0.3
53	58	0.3
53	59	0.3
53	60	0.3
53	61	0.3
53	62	0.3
53	63	0.3
53	64	0.3
53	65	0.3
53	66	0.3
53	67	0.3
53	68	0.3
53	69	0.3
53	70	0.3
53	71	0.3
53	72	0.3
53	73	0.3
53	74	0.3
53	75	0.3
53	76	0.3
53	77	0.3
53	78	0.3
53	79	0.3
53	80	0.2
53	81	0.2
53	82	0.2
53	83	0.2
53	84	0.2
53	85	0.2
53	86	0.2
53	87	0.2
53	88	0.2
53	89	0.2
53	90	0.2
53	91	0.2
53	92	0.2
53	93	1
53	94	1
53	95	1
54	6	1
54	7	0.2
54	8	0.2
54	9	0.2
54	10	0.2
54	11	0.2
54	12	0.2
54	13	0.2
54	14	0.2
54	15	0.2
54	16	0.2
54	17	0.2
54	18	0.2
54	19	0.3
54	20	0.3
54	21	0.3
54	22	0.3
54	23	0.2
54	24	0.2
54	25	0.2
54	26	0.2
54	27	0.2
54	28	0.2
54	29	0.2
54	30	0.2
54	31	0.2
54	32	0.2
54	33	0.2
54	34	0.2
54	35	0.2
54	36	0.2
54	37	0.2
54	38	0.2
54	39	0.2
54	40	0.2
54	41	0.2
54	42	0.2
54	43	0.2
54	44	0.2
54	45	0.2
54	46	0.2
54	47	0.2
54	48	0.2
54	49	0.2
54	50	0.2
54	51	0.2
54	52	0.2
54	53	0.2
54	54	0.2
54	55	0.2
54	56	0.2
54	57	0.3
54	58	0.3
54	59	0.3
54	60	0.3
54	61	0.3
54	62	0.3
54	63	0.3
54	64	0.3
54	65	0.3
54	66	0.3
54	67	0.3
54	68	0.3
54	69	0.3
54	70	0.3
54	71	0.3
54	72	0.3
54	73	0.3
54	74	0.3
54	75	0.3
54	76	0.3
54	77	0.3
54	78	0.3
54	79	0.2
54	80	0.2
54	81	0.2
54	82	0.2
54	83	0.2
54	84	0.2
54	85	0.2
54	86	0.2
54	87	0.2
54	88	0.2
54	89	0.2
54	90	0.2
54	91	0.2
54	92	0.2
54	93	1
54	94	1
54	95	1
55	6	1
55	7	0.2
55	8	0.2
55	9	0.2
55	10	0.2
55	11	0.2
55	12	0.2
55	13	0.2
55	14	0.2
55	15	0.2
55	16	0.2
55	17	0.2
55	18	0.2
55	19	0.2
55	20	0.2
55	21	0.2
55	22	0.2
55	23	0.2
55	24	0.2
55	25	0.2
55	26	0.2
55	27	0.2
55	28	0.2
55	29	0.2
55	30	0.2
55	31	0.2
55	32	0.2
55	33	0.2
55	34	0.2
55	35	0.2
55	36	0.2
55	37	0.2
55	38	0.2
55	39	0.2
55	40	0.2
55	41	0.2
55	42	0.2
55	43	0.2
55	44	0.2
55	45	0.2
55	46	0.2
55	47	0.2
55	48	0.2
55	49	0.2
55	50	0.2
55	51	0.2
55	52	0.2
55	53	0.2
55	54	0.2
55	55	0.2
55	56	0.2
55	57	0.2
55	58	0.3
55	59	0.3
55	60	0.3
55	61	0.3
55	62	0.3
55	63	0.3
55	64	0.3
55	65	0.3
55	66	0.3
55	67	0.3
55	68	0.3
55	69	0.3
55	70	0.3
55	71	0.3
55	72	0.3
55	73	0.3
55	74	0.3
55	75	0.3
55	76	0.3
55	77	0.3
55	78	0.3
55	79	0.2
55	80	0.2
55	81	0.2
55	82	0.2
55	83	0.2
55	84	0.2
55	85	0.2
55	86	0.2
55	87	0.2
55	88	0.2
55	89	0.2
55	90	0.2
55	91	0.2
55	92	0.2
55	93	1
55	94	1
55	95	1
56	6	1
56	7	0.2
56	8	0.2
56	9	0.2
56	10	0.2
56	11	0.2
56	12	0.2
56	13	0.2
56	14	0.2
56	15	0.2
56	16	0.2
56	17	0.2
56	18	0.2
56	19	0.2
56	20	0.2
56	21	0.2
56	22	0.2
56	23	0.2
56	24	0.2
56	25	0.2
56	26	0.2
56	27	0.2
56	28	0.2
56	29	0.2
56	30	0.2
56	31	0.2
56	32	0.2
56	33	0.2
56	34	0.2
56	35	0.2
56	36	0.2
56	37	0.2
56	38	0.2
56	39	-5.5511e-17
56	40	-5.5511e-17
56	41	-5.5511e-17
56	42	-5.5511e-17
56	43	-5.5511e-17
56	44	-5.5511e-17
56	45	-5.5511e-17
56	46	-5.5511e-17
56	47	-5.5511e-17
56	48	-5.5511e-17
56	49	-5.5511e-17
56	50	-5.5511e-17
56	51	0.2
56	52	0.2
56	53	0.2
56	54	0.2
56	55	0.2
56	56	0.2
56	57	0.2
56	58	0.2
56	59	0.3
56	60	0.3
56	61	0.3
56	62	0.3
56	63	0.3
56	64	0.3
56	65	0.3
56	66	0.3
56	67	0.3
56	68	0.3
56	69	0.3
56	70	0.3
56	71	0.3
56	72	0.3
56	73	0.3
56	74	0.3
56	75	0.3
56	76	0.3
56	77	0.3
56	78	0.2
56	79	0.2
56	80	0.2
56	81	0.2
56	82	0.2
56	83	0.2
56	84	0.2
56	85	0.2
56	86	0.2
56	87	0.2
56	88	0.2
56	89	0.2
56	90	0.2
56	91	0.2
56	92	0.2
56	93	1
56	94	1
56	95	1
57	6	1
57	7	1
57	8	0.2
57	9	0.2
57	10	0.2
57	11	0.2
57	12	0.2
57	13	0.2
57	14	0.2
57	15	0.2
57	16	0.2
57	17	0.2
57	18	0.2
57	19	0.2
57	20	0.2
57	21	0.2
57	22	0.2
57	23	0.2
57	24	0.2
57	25	0.2
57	26	0.2
57	27	0.2
57	28	0.2
57	29	0.2
57	30	0.2
57	31	0.2
57	32	0.2
57	33	0.2
57	34	0.2
57	35	0.2
57	36	-5.5511e-17
57	37	-5.5511e-17
57	38	-5.5511e-17
57	39	-5.5511e-17
57	40	-5.5511e-17
57	41	-5.5511e-17
57	42	-5.5511e-17
57	43	-5.5511e-17
57	44	-5.5511e-17
57	45	-5.5511e-17
57	46	-5.5511e-17
57	47	-5.5511e-17
57	48	-5.5511e-17
57	49	-5.5511e-17
57	50	-5.5511e-17
57	51	-5.5511e-17
57	52	-5.5511e-17
57	53	-5.5511e-17
57	54	-5.5511e-17
57	55	-5.5511e-17
57	56	0.2
57	57	0.2
57	58	0.2
57	59	0.2
57	60	0.3
57	61	0.3
57	62	0.3
57	63	0.3
57	64	0.3
57	65	0.3
57	66	0.3
57	67	0.3
57	68	0.3
57	69	0.3
57	70	0.3
57	71	0.3
57	72	0.3
57	73	0.3
57	74	0.3
57	75	0.3
57	76	0.3
57	77	0.2
57	78	0.2
57	79	0.2
57	80	0.2
57	81	0.2
57	82	0.2
57	83	0.2
57	84	0.2
57	85	0.2
57	86	0.2
57	87	0.2
57	88	0.2
57	89	0.2
57	90	0.2
57	91	0.2
57	92	1
57	93	1
57	94	1
57	95	1
58	7	1
58	8	0.2
58	9	0.2
58	10	0.2
58	11	0.2
58	12	0.2
58	13	0.2
58	14	0.2
58	15	0.2
58	16	0.2
58	17	0.2
58	18	0.2
58	19	0.2
58	20	0.2
58	21	0.2
58	22	0.2
58	23	0.2
58	24	0.2
58	25	0.2
58	26	0.2
58	27	0.2
58	28	0.2
58	29	0.2
58	30	0.2
58	31	0.2
58	32	0.2
58	33	0.2
58	34	0.2
58	35	-5.5511e-17
58	36	-5.5511e-17
58	37	-5.5511e-17
58	38	-5.5511e-17
58	39	-5.5511e-17
58	40	-5.5511e-17
58	41	-5.5511e-17
58	42	-5.5511e-17
58	43	-5.5511e-17
58	44	-5.5511e-17
58	45	-5.5511e-17
58	46	-5.5511e-17
58	47	-5.5511e-17
58	48	-5.5511e-17
58	49	-5.5511e-17
58	50	-5.5511e-17
58	51	-5.5511e-17
58	52	-5.5511e-17
58	53	-5.5511e-17
58	54	-5.5511e-17
58	55	-5.5511e-17
58	56	-5.5511e-17
58	57	-5.5511e-17
58	58	-5.5511e-17
58	59	0.2
58	60	0.2
58	61	0.3
58	62	0.3
58	63	0.3
58	64	0.3
58	65	0.3
58	66	0.3
58	67	0.3
58	68	0.3
58	69	0.3
58	70	0.3
58	71	0.3
58	72	0.3
58	73	0.3
58	74	0.3
58	75	0.3
58	76	0.2
58	77	0.2
58	78	0.2
58	79	0.2
58	80	0.2
58	81	0.2
58	82	0.2
58	83	0.2
58	84	0.2
58	85	0.2
58	86	0.2
58	87	0.2
58	88	0.2
58	89	0.2
58	90	0.2
58	91	0.2
58	92	1
58	93	1
58	94	1
59	7	1
59	8	0.2
59	9	0.2
59	10	0.2
59	11	0.2
59	12	0.2
59	13	0.2
59	14	0.2
59	15	0.2
59	16	0.2
59	17	0.2
59	18	0.2
59	19	0.2
59	20	0.2
59	21	0.2
59	22	0.2
59	23	0.2
59	24	0.2
59	25	0.2
59	26	0.2
59	27	0.2
59	28	0.2
59	29	0.2
59	30	0.2
59	31	0.2
59	32	0.2
59	33	0.2
59	34	-5.5511e-17
59	35	-5.5511e-17
59	36	-5.5511e-17
59	37	-5.5511e-17
59	38	-5.5511e-17
59	39	-5.5511e-17
59	40	-5.5511e-17
59	41	-5.5511e-17
59	42	-5.5511e-17
59	43	-5.5511e-17
59	44	-5.5511e-17
59	45	-5.5511e-17
59	46	-5.5511e-17
59	47	-5.5511e-17
59	48	-5.5511e-17
59	49	-5.5511e-17
59	50	-5.5511e-17
59	51	-5.5511e-17
59	52	-5.5511e-17
59	53	-5.5511e-17
59	54	-5.5511e-17
59	55	-5.5511e-17
59	56	-5.5511e-17
59	57	-5.5511e-17
59	58	-5.5511e-17
59	59	-5.5511e-17
59	60	-5.5511e-17
59	61	0.2
59	62	0.2
59	63	0.3
59	64	0.3
59	65	0.3
59	66	0.3
59	67	0.3
59	68	0.3
59	69	0.3
59	70	0.3
59	71	0.3
59	72	0.3
59	73	0.3
59	74	0.2
59	75	0.2
59	76	0.2
59	77	0.2
59	78	0.2
59	79	0.2
59	80	0.2
59	81	0.2
59	82	0.2
59	83	0.2
59	84	0.2
59	85	0.2
59	86	0.2
59	87	0.2
59	88	0.2
59	89	0.2
59	90	0.2
59	91	0.2
59	92	1
59	93	1
59	94	1
60	7	1
60	8	1
60	9	0.2
60	10	0.2
60	11	0.2
60	12	0.2
60	13	0.2
60	14	0.2
60	15	0.2
60	16	0.2
60	17	0.2
60	18	0.2
60	19	0.2
60	20	0.2
60	21	0.2
60	22	0.2
60	23	0.2
60	24	0.2
60	25	0.2
60	26	0.2
60	27	0.2
60	28	0.2
60	29	0.2
60	30	0.2
60	31	0.2
60	32	0.2
60	33	0.2
60	34	-5.5511e-17
60	35	-5.5511e-17
60	36	-5.5511e-17
60	37	-5.5511e-17
60	38	-5.5511e-17
60	39	-5.5511e-17
60	40	-5.5511e-17
60	41	-5.5511e-17
60	42	-5.5511e-17
60	43	-5.5511e-17
60	44	-5.5511e-17
60	45	-5.5511e-17
60	46	-5.5511e-17
60	47	-5.5511e-17
60	48	-5.5511e-17
60	49	-5.5511e-17
60	50	-5.5511e-17
60	51	-5.5511e-17
60	52	-5.5511e-17
60	53	-5.5511e-17
60	54	-5.5511e-17
60	55	-5.5511e-17
60	56	-5.5511e-17
60	57	-5.5511e-17
60	58	-5.5511e-17
60	59	-5.5511e-17
60	60	-5.5511e-17
60	61	-5.5511e-17
60	62	0.2
60	63	0.2
60	64	0.2
60	65	0.2
60	66	0.3
60	67	0.3
60	68	0.3
60	69	0.3
60	70	0.3
60	71	0.2
60	72	0.2
60	73	0.2
60	74	0.2
60	75	0.2
60	76	0.2
60	77	0.2
60	78	0.2
60	79	0.2
60	80	0.2
60	81	0.2
60	82	0.2
60	83	0.2
60	84	0.2
60	85	0.2
60	86	0.2
60	87	0.2
60	88	0.2
60	89	0.2
60	90	0.2
60	91	1
60	92	1
60	93	1
60	94	1
61	8	1
61	9	0.2
61	10	0.2
61	11	0.2
61	12	0.2
61	13	0.2
61	14	0.2
61	15	0.2
61	16	0.2
61	17	0.2
61	18	0.2
61	19	0.2
61	20	0.2
61	21	0.2
61	22	0.2
61	23	0.2
61	24	0.2
61	25	0.2
61	26	0.2
61	27	0.2
61	28	0.2
61	29	0.2
61	30	0.2
61	31	0.2
61	32	0.2
61	33	0.2
61	34	0.2
61	35	-5.5511e-17
61	36	-5.5511e-17
61	37	-5.5511e-17
61	38	-5.5511e-17
61	39	-5.5511e-17
61	40	-5.5511e-17
61	41	-5.5511e-17
61	42	-5.5511e-17
61	43	-5.5511e-17
61	44	-5.5511e-17
61	45	-5.5511e-17
61	46	-5.5511e-17
61	47	-5.5511e-17
61	48	-5.5511e-17
61	49	-5.5511e-17
61	50	-5.5511e-17
61	51	-5.5511e-17
61	52	-5.5511e-17
61	53	-5.5511e-17
61	54	-5.5511e-17
61	55	-5.5511e-17
61	56	-5.5511e-17
61	57	-5.5511e-17
61	58	-5.5511e-17
61	59	-5.5511e-17
61	60	-5.5511e-17
61	61	-5.5511e-17
61	62	-5.5511e-17
61	63	-5.5511e-17
61	64	0.2
61	65	0.2
61	66	0.2
61	67	0.2
61	68	0.2
61	69	0.2
61	70	0.2
61	71	0.2
61	72	0.2
61	73	0.2
61	74	0.2
61	75	0.2
61	76	0.2
61	77	0.2
61	78	0.2
61	79	0.2
61	80	0.2
61	81	0.2
61	82	0.2
61	83	0.2
61	84	0.2
61	85	0.2
61	86	0.2
61	87	0.2
61	88	0.2
61	89	0.2
61	90	0.2
61	91	1
61	92	1
61	93	1
62	8	1
62	9	1
62	10	0.2
62	11	0.2
62	12	0.2
62	13	0.2
62	14	0.2
62	15	0.2
62	16	0.2
62	17	0.2
62	18	0.2
62	19	0.2
62	20	0.2
62	21	0.2
62	22	0.2
62	23	0.2
62	24	0.2
62	25	0.2
62	26	0.2
62	27	0.2
62	28	0.2
62	29	0.2
62	30	0.2
62	31	0.2
62	32	0.2
62	33	0.2
62	34	0.2
62	35	0.2
62	36	-5.5511e-17
62	37	-5.5511e-17
62	38	-5.5511e-17
62	39	-5.5511e-17
62	40	-5.5511e-17
62	41	-5.5511e-17
62	42	-5.5511e-17
62	43	-5.5511e-17
62	44	-5.5511e-17
62	45	-5.5511e-17
62	46	-5.5511e-17
62	47	-5.5511e-17
62	48	-5.5511e-17
62	49	-5.5511e-17
62	50	-5.5511e-17
62	51	-5.5511e-17
62	52	-5.5511e-17
62	53	-5.5511e-17
62	54	-5.5511e-17
62	55	-5.5511e-17
62	56	-5.5511e-17
62	57	-5.5511e-17
62	58	-5.5511e-17
62	59	-5.5511e-17
62	60	-5.5511e-17
62	61	-5.5511e-17
62	62	-5.5511e-17
62	63	-5.5511e-17
62	64	0.2
62	65	0.2
62	66	0.2
62	67	0.2
62	68	0.2
62	69	0.2
62	70	0.2
62	71	0.2
62	72	0.2
62	73	0.2
62	74	0.2
62	75	0.2
62	76	0.2
62	77	0.2
62	78	0.2
62	79	0.2
62	80	0.2
62	81	0.2
62	82	0.2
62	83	0.2
62	84	0.2
62	85	0.2
62	86	0.2
62	87	0.2
62	88	0.2
62	89	0.2
62	90	0.2
62	91	1
62	92	1
62	93	1
63	9	1
63	10	0.2
63	11	0.2
63	12	0.2
63	13	0.2
63	14	0.2
63	15	0.2
63	16	0.2
63	17	0.2
63	18	0.2
63	19	0.2
63	20	0.2
63	21	0.2
63	22	0.2
63	23	0.2
63	24	0.2
63	25	0.2
63	26	0.2
63	27	0.2
63	28	0.2
63	29	0.2
63	30	0.2
63	31	0.2
63	32	0.2
63	33	0.2
63	34	0.2
63	35	0.2
63	36	0.2
63	37	-5.5511e-17
63	38	-5.5511e-17
63	39	-5.5511e-17
63	40	-5.5511e-17
63	41	-5.5511e-17
63	42	-5.5511e-17
63	43	-5.5511e-17
63	44	-5.5511e-17
63	45	-5.5511e-17
63	46	-5.5511e-17
63	47	-5.5511e-17
63	48	-5.5511e-17
63	49	-5.5511e-17
63	50	-5.5511e-17
63	51	-5.5511e-17
63	52	-5.5511e-17
63	53	-5.5511e-17
63	54	-5.5511e-17
63	55	-5.5511e-17
63	56	-5.5511e-17
63	57	-5.5511e-17
63	58	-5.5511e-17
63	59	-5.5511e-17
63	60	-5.5511e-17
63	61	-5.5511e-17
63	62	-5.5511e-17
63	63	-5.5511e-17
63	64	-5.5511e-17
63	65	0.2
63	66	0.2
63	67	0.2
63	68	0.2
63	69	0.2
63	70	0.2
63	71	0.2
63	72	0.2
63	73	0.2
63	74	0.2
63	75	0.2
63	76	0.2
63	77	0.2
63	78	0.2
63	79	0.2
63	80	0.2
63	81	0.2
63	82	0.2
63	83	0.2
63	84	0.2
63	85	0.2
63	86	0.2
63	87	0.2
63	88	0.2
63	89	0.2
63	90	1
63	91	1
63	92	1
64	9	1
64	10	1
64	11	0.2
64	12	0.2
64	13	0.2
64	14	0.2
64	15	0.2
64	16	0.2
64	17	0.2
64	18	0.2
64	19	0.2
64	20	0.2
64	21	0.2
64	22	0.2
64	23	0.2
64	24	0.2
64	25	0.2
64	26	0.2
64	27	0.2
64	28	0.2
64	29	0.2
64	30	0.2
64	31	0.2
64	32	0.2
64	33	0.2
64	34	0.2
64	35	0.2
64	36	0.2
64	37	0.2
64	38	0.2
64	39	-5.5511e-17
64	40	-5.5511e-17
64	41	-5.5511e-17
64	42	-5.5511e-17
64	43	-5.5511e-17
64	44	-5.5511e-17
64	45	-5.5511e-17
64	46	-5.5511e-17
64	47	-5.5511e-17
64	48	-5.5511e-17
64	49	-5.5511e-17
64	50	-5.5511e-17
64	51	-5.5511e-17
64	52	-5.5511e-17
64	53	-5.5511e-17
64	54	-5.5511e-17
64	55	-5.5511e-17
64	56	-5.5511e-17
64	57	-5.5511e-17
64	58	-5.5511e-17
64	59	-5.5511e-17
64	60	-5.5511e-17
64	61	-5.5511e-17
64	62	-5.5511e-17
64	63	-5.5511e-17
64	64	0.2
64	65	0.2
64	66	0.2
64	67	0.2
64	68	0.2
64	69	0.2
64	70	0.2
64	71	0.2
64	72	0.2
64	73	0.2
64	74	0.2
64	75	0.2
64	76	0.2
64	77	0.2
64	78	0.2
64	79	0.2
64	80	0.2
64	81	0.2
64	82	0.2
64	83	0.2
64	84	0.2
64	85	0.2
64	86	0.2
64	87	0.2
64	88	0.2
64	89	0.2
64	90	1
64	91	1
64	92	1
65	10	1
65	11	0.2
65	12	0.2
65	13	0.2
65	14	0.2
65	15	0.2
65	16	0.2
65	17	0.2
65	18	0.2
65	19	0.2
65	20	0.2
65	21	0.2
65	22	0.2
65	23	0.2
65	24	0.2
65	25	0.2
65	26	0.2
65	27	0.2
65	28	0.2
65	29	0.2
65	30	0.2
65	31	0.2
65	32	0.2
65	33	0.2
65	34	0.2
65	35	0.2
65	36	0.2
65	37	0.2
65	38	0.2
65	39	0.2
65	40	0.2
65	41	0.2
65	42	-5.5511e-17
65	43	-5.5511e-17
65	44	-5.5511e-17
65	45	-5.5511e-17
65	46	-5.5511e-17
65	47	-5.5511e-17
65	48	-5.5511e-17
65	49	-5.5511e-17
65	50	-5.5511e-17
65	51	-5.5511e-17
65	52	-5.5511e-17
65	53	-5.5511e-17
65	54	-5.5511e-17
65	55	-5.5511e-17
65	56	-5.5511e-17
65	57	-5.5511e-17
65	58	-5.5511e-17
65	59	-5.5511e-17
65	60	-5.5511e-17
65	61	-5.5511e-17
65	62	-5.5511e-17
65	63	-5.5511e-17
65	64	0.2
65	65	0.2
65	66	0.2
65	67	0.2
65	68	0.2
65	69	0.2
65	70	0.2
65	71	0.2
65	72	0.2
65	73	0.2
65	74	0.2
65	75	0.2
65	76	0.2
65	77	0.2
65	78	0.2
65	79	0.2
65	80	0.2
65	81	0.2
65	82	0.2
65	83	0.2
65	84	0.2
65	85	0.2
65	86	0.2
65	87	0.2
65	88	0.2
65	89	1
65	90	1
65	91	1
66	10	1
66	11	1
66	12	0.2
66	13	0.2
66	14	0.2
66	15	0.2
66	16	0.2
66	17	0.2
66	18	0.2
66	19	0.2
66	20	0.2
66	21	0.2
66	22	0.2
66	23	0.2
66	24	0.2
66	25	0.2
66	26	0.2
66	27	0.2
66	28	0.2
66	29	0.2
66	30	0.2
66	31	0.2
66	32	0.2
66	33	0.2
66	34	0.2
66	35	0.2
66	36	0.2
66	37	0.2
66	38	0.2
66	39	0.2
66	40	0.2
66	41	0.2
66	42	0.2
66	43	0.2
66	44	0.2
66	45	-5.5511e-17
66	46	-5.5511e-17
66	47	-5.5511e-17
66	48	-5.5511e-17
66	49	-5.5511e-17
66	50	-5.5511e-17
66	51	-5.5511e-17
66	52	-5.5511e-17
66	53	-5.5511e-17
66	54	-5.5511e-17
66	55	-5.5511e-17
66	56	-5.5511e-17
66	57	-5.5511e-17
66	58	-5.5511e-17
66	59	-5.5511e-17
66	60	-5.5511e-17
66	61	-5.5511e-17
66	62	0.2
66	63	0.2
66	64	0.2
66	65	0.2
66	66	0.2
66	67	0.2
66	68	0.2
66	69	0.2
66	70	0.2
66	71	0.2
66	72	0.2
66	73	0.2
66	74	0.2
66	75	0.2
66	76	0.2
66	77	0.2
66	78	0.2
66	79	0.2
66	80	0.2
66	81	0.2
66	82	0.2
66	83	0.2
66	84	0.2
66	85	0.2
66	86	0.2
66	87	0.2
66	88	1
66	89	1
66	90	1
66	91	1
67	11	1
67	12	1
67	13	0.2
67	14	0.2
67	15	0.2
67	16	0.2
67	17	0.2
67	18	0.2
67	19	0.2
67	20	0.2
67	21	0.2
67	22	0.2
67	23	0.2
67	24	0.2
67	25	0.2
67	26	0.2
67	27	0.2
67	28	0.2
67	29	0.2
67	30	0.2
67	31	0.2
67	32	0.2
67	33	0.2
67	34	0.2
67	35	0.2
67	36	0.2
67	37	0.2
67	38	0.2
67	39	0.2
67	40	0.2
67	41	0.2
67	42	0.2
67	43	0.2
67	44	0.2
67	45	0.2
67	46	0.2
67	47	0.2
67	48	0.2
67	49	0.2
67	50	0.2
67	51	0.2
67	52	-5.5511e-17
67	53	-5.5511e-17
67	54	-5.5511e-17
67	55	-5.5511e-17
67	56	-5.5511e-17
67	57	0.2
67	58	0.2
67	59	0.2
67	60	0.2
67	61	0.2
67	62	0.2
67	63	0.2
67	64	0.2
67	65	0.2
67	66	0.2
67	67	0.2
67	68	0.2
67	69	0.2
67	70	0.2
67	71	0.2
67	72	0.2
67	73	0.2
67	74	0.2
67	75	0.2
67	76	0.2
67	77	0.2
67	78	0.2
67	79	0.2
67	80	0.2
67	81	0.2
67	82	0.2
67	83	0.2
67	84	0.2
67	85	0.2
67	86	0.2
67	87	1
67	88	1
67	89	1
67	90	1
68	12	1
68	13	1
68	14	0.2
68	15	0.2
68	16	0.2
68	17	0.2
68	18	0.2
68	19	0.2
68	20	0.2
68	21	0.2
68	22	0.2
68	23	0.2
68	24	0.2
68	25	0.2
68	26	0.2
68	27	0.2
68	28	0.2
68	29	0.2
68	30	0.2
68	31	0.2
68	32	0.2
68	33	0.2
68	34	0.2
68	35	0.2
68	36	0.2
68	37	0.2
68	38	0.2
68	39	0.2
68	40	0.2
68	41	0.2
68	42	0.2
68	43	0.2
68	44	0.2
68	45	0.2
68	46	0.2
68	47	0.2
68	48	0.2
68	49	0.2
68	50	0.2
68	51	0.2
68	52	0.2
68	53	0.2
68	54	0.2
68	55	0.2
68	56	0.2
68	57	0.2
68	58	0.2
68	59	0.2
68	60	0.2
68	61	0.2
68	62	0.2
68	63	0.2
68	64	0.2
68	65	0.2
68	66	0.2
68	67	0.2
68	68	0.2
68	69	0.2
68	70	0.2
68	71	0.2
68	72	0.2
68	73	0.2
68	74	0.2
68	75	0.2
68	76	0.2
68	77	0.2
68	78	0.2
68	79	0.2
68	80	0.2
68	81	0.2
68	82	0.2
68	83	0.2
68	84	0.2
68	85	0.2
68	86	0.2
68	87	1
68	88	1
68	89	1
69	13	1
69	14	0.2
69	15	0.2
69	16	0.2
69	17	0.2
69	18	0.2
69	19	0.2
69	20	0.2
69	21	0.2
69	22	0.2
69	23	0.2
69	24	0.2
69	25	0.2
69	26	0.2
69	27	0.2
69	28	0.2
69	29	0.2
69	30	0.2
69	31	0.2
69	32	0.2
69	33	0.2
69	34	0.2
69	35	0.2
69	36	0.2
69	37	0.2
69	38	0.2
69	39	0.2
69	40	0.2
69	41	0.2
69	42	0.2
69	43	0.2
69	44	0.2
69	45	0.2
69	46	0.2
69	47	0.2
69	48	0.2
69	49	0.2
69	50	0.2
69	51	0.2
69	52	0.2
69	53	0.2
69	54	0.2
69	55	0.2
69	56	0.2
69	57	0.2
69	58	0.2
69	59	0.2
69	60	0.2
69	61	0.2
69	62	0.2
69	63	0.2
69	64	0.2
69	65	0.2
69	66	0.2
69	67	0.2
69	68	0.2
69	69	0.2
69	70	0.2
69	71	0.2
69	72	0.2
69	73	0.2
69	74	0.2
69	75	0.2
69	76	0.2
69	77	0.2
69	78	0.2
69	79	0.2
69	80	0.2
69	81	0.2
69	82	0.2
69	83	0.2
69	84	0.2
69	85	0.2
69	86	1
69	87	1
69	88	1
70	14	1
70	15	0.2
70	16	0.2
70	17	0.2
70	18	0.2
70	19	0.2
70	20	0.2
70	21	0.2
70	22	0.2
70	23	0.2
70	24	0.2
70	25	0.2
70	26	0.2
70	27	0.2
70	28	0.2
70	29	0.2
70	30	0.2
70	31	0.2
70	32	0.2
70	33	0.2
70	34	0.2
70	35	0.2
70	36	0.2
70	37	0.2
70	38	0.2
70	39	0.2
70	40	0.2
70	41	0.2
70	42	0.2
70	43	0.2
70	44	0.2
70	45	0.2
70	46	0.2
70	47	0.2
70	48	0.2
70	49	0.2
70	50	0.2
70	51	0.2
70	52	0.2
70	53	0.2
70	54	0.2
70	55	0.2
70	56	0.2
70	57	0.2
70	58	0.2
70	59	0.2
70	60	0.2
70	61	0.2
70	62	0.2
70	63	0.2
70	64	0.2
70	65	0.2
70	66	0.2
70	67	0.2
70	68	0.2
70	69	0.2
70	70	0.2
70	71	0.2
70	72	0.2
70	73	0.2
70	74	0.2
70	75	0.2
70	76	0.2
70	77	0.2
70	78	0.2
70	79	0.2
70	80	0.2
70	81	0.2
70	82	0.2
70	83	0.2
70	84	0.2
70	85	1
70	86	1
70	87	1
71	15	1
71	16	0.2
71	17	0.2
71	18	0.2
71	19	0.2
71	20	0.2
71	21	0.2
71	22	0.2
71	23	0.2
71	24	0.2
71	25	0.2
71	26	0.2
71	27	0.2
71	28	0.2
71	29	0.2
71	30	0.2
71	31	0.2
71	32	0.2
71	33	0.2
71	34	0.2
71	35	0.2
71	36	0.2
71	37	0.2
71	38	0.2
71	39	0.2
71	40	0.2
71	41	0.2
71	42	0.2
71	43	0.2
71	44	0.2
71	45	0.2
71	46	0.2
71	47	0.2
71	48	0.2
71	49	0.2
71	50	0.2
71	51	0.2
71	52	0.2
71	53	0.2
71	54	0.2
71	55	0.2
71	56	0.2
71	57	0.2
71	58	0.2
71	59	0.2
71	60	0.2
71	61	0.2
71	62	0.2
71	63	0.2
71	64	0.2
71	65	0.2
71	66	0.2
71	67	0.2
71	68	0.2
71	69	0.2
71	70	0.2
71	71	0.2
71	72	0.2
71	73	0.2
71	74	0.2
71	75	0.2
71	76	0.2
71	77	0.2
71	78	0.2
71	79	0.2
71	80	0.2
71	81	0.2
71	82	0.2
71	83	0.2
71	84	1
71	85	1
71	86	1
72	16	1
72	17	0.2
72	18	0.2
72	19	0.2
72	20	0.2
72	21	0.2
72	22	0.2
72	23	0.2
72	24	0.2
72	25	0.2
72	26	0.2
72	27	0.2
72	28	0.2
72	29	0.2
72	30	0.2
72	31	0.2
72	32	0.2
72	33	0.2
72	34	0.2
72	35	0.2
72	36	0.2
72	37	0.2
72	38	0.2
72	39	0.2
72	40	0.2
72	41	0.2
72	42	0.2
72	43	0.2
72	44	0.2
72	45	0.2
72	46	0.2
72	47	0.2
72	48	0.2
72	49	0.2
72	50	0.2
72	51	0.2
72	52	0.2
72	53	0.2
72	54	0.2
72	55	0.2
72	56	0.2
72	57	0.2
72	58	0.2
72	59	0.2
72	60	0.2
72	61	0.2
72	62	0.2
72	63	0.2
72	64	0.2
72	65	0.2
72	66	0.2
72	67	0.2
72	68	0.2
72	69	0.2
72	70	0.2
72	71	0.2
72	72	0.2
72	73	0.2
72	74	0.2
72	75	0.2
72	76	0.2
72	77	0.2
72	78	0.2
72	79	0.2
72	80	0.2
72	81	0.2
72	82	0.2
72	83	1
72	84	1
72	85	1
73	17	1
73	18	1
73	19	0.2
73	20	0.2
73	21	0.2
73	22	0.2
73	23	0.2
73	24	0.2
73	25	0.2
73	26	0.2
73	27	0.2
73	28	0.2
73	29	0.2
73	30	0.2
73	31	0.2
73	32	0.2
73	33	0.2
73	34	0.2
73	35	0.2
73	36	0.2
73	37	0.2
73	38	0.2
73	39	0.2
73	40	0.2
73	41	0.2
73	42	0.2
73	43	0.2
73	44	0.2
73	45	0.2
73	46	0.2
73	47	0.2
73	48	0.2
73	49	0.2
73	50	0.2
73	51	0.2
73	52	0.2
73	53	0.2
73	54	0.2
73	55	0.2
73	56	0.2
73	57	0.2
73	58	0.2
73	59	0.2
73	60	0.2
73	61	0.2
73	62	0.2
73	63	0.2
73	64	0.2
73	65	0.2
73	66	0.2
73	67	0.2
73	68	0.2
73	69	0.2
73	70	0.2
73	71	0.2
73	72	0.2
73	73	0.2
73	74	0.2
73	75	0.2
73	76	0.2
73	77	0.2
73	78	0.2
73	79	0.2
73	80	0.2
73	81	0.2
73	82	1
73	83	1
73	84	1
74	18	1
74	19	1
74	20	0.2
74	21	0.2
74	22	0.2
74	23	0.2
74	24	0.2
74	25	0.2
74	26	0.2
74	27	0.2
74	28	0.2
74	29	0.2
74	30	0.2
74	31	0.2
74	32	0.2
74	33	0.2
74	34	0.2
74	35	0.2
74	36	0.2
74	37	0.2
74	38	0.2
74	39	0.2
74	40	0.2
74	41	0.2
74	42	0.2
74	43	0.2
74	44	0.2
74	45	0.2
74	46	0.2
74	47	0.2
74	48	0.2
74	49	0.2
74	50	0.2
74	51	0.2
74	52	0.2
74	53	0.2
74	54	0.2
74	55	0.2
74	56	0.2
74	57	0.2
74	58	0.2
74	59	0.2
74	60	0.2
74	61	0.2
74	62	0.2
74	63	0.2
74	64	0.2
74	65	0.2
74	66	0.2
74	67	0.2
74	68	0.2
74	69	0.2
74	70	0.2
74	71	0.2
74	72	0.2
74	73	0.2
74	74	0.2
74	75	0.2
74	76	0.2
74	77	0.2
74	78	0.2
74	79	0.2
74	80	1
74	81	1
74	82	1
74	83	1
75	19	1
75	20	1
75	21	0.2
75	22	0.2
75	23	0.2
75	24	0.2
75	25	0.2
75	26	0.2
75	27	0.2
75	28	0.2
75	29	0.2
75	30	0.2
75	31	0.2
75	32	0.2
75	33	0.2
75	34	0.2
75	35	0.2
75	36	0.2
75	37	0.2
75	38	0.2
75	39	0.2
75	40	0.2
75	41	0.2
75	42	0.2
75	43	0.2
75	44	0.2
75	45	0.2
75	46	0.2
75	47	0.2
75	48	0.2
75	49	0.2
75	50	0.2
75	51	0.2
75	52	0.2
75	53	0.2
75	54	0.2
75	55	0.2
75	56	0.2
75	57	0.2
75	58	0.2
75	59	0.2
75	60	0.2
75	61	0.2
75	62	0.2
75	63	0.2
75	64	0.2
75	65	0.2
75	66	0.2
75	67	0.2
75	68	0.2
75	69	0.2
75	70	0.2
75	71	0.2
75	72	0.2
75	73	0.2
75	74	0.2
75	75	0.2
75	76	0.2
75	77	0.2
75	78	0.2
75	79	1
75	80	1
75	81	1
75	82	1
76	21	1
76	22	1
76	23	0.2
76	24	0.2
76	25	0.2
76	26	0.2
76	27	0.2
76	28	0.2
76	29	0.2
76	30	0.2
76	31	0.2
76	32	0.2
76	33	0.2
76	34	0.2
76	35	0.2
76	36	0.2
76	37	0.2
76	38	0.2
76	39	0.2
76	40	0.2
76	41	0.2
76	42	0.2
76	43	0.2
76	44	0.2
76	45	0.2
76	46	0.2
76	47	0.2
76	48	0.2
76	49	0.2
76	50	0.2
76	51	0.2
76	52	0.2
76	53	0.2
76	54	0.2
76	55	0.2
76	56	0.2
76	57	0.2
76	58	0.2
76	59	0.2
76	60	0.2
76	61	0.2
76	62	0.2
76	63	0.2
76	64	0.2
76	65	0.2
76	66	0.2
76	67	0.2
76	68	0.2
76	69	0.2
76	70	0.2
76	71	0.2
76	72	0.2
76	73	0.2
76	74	0.2
76	75	0.2
76	76	0.2
76	77	1
76	78	1
76	79	1
76	80	1
77	22	1
77	23	1
77	24	1
77	25	0.2
77	26	0.2
77	27	0.2
77	28	0.2
77	29	0.2
77	30	0.2
77	31	0.2
77	32	0.2
77	33	0.2
77	34	0.2
77	35	0.2
77	36	0.2
77	37	0.2
77	38	0.2
77	39	0.2
77	40	0.2
77	41	0.2
77	42	0.2
77	43	0.2
77	44	0.2
77	45	0.2
77	46	0.2
77	47	0.2
77	48	0.2
77	49	0.2
77	50	0.2
77	51	0.2
77	52	0.2
77	53	0.2
77	54	0.2
77	55	0.2
77	56	0.2
77	57	0.2
77	58	0.2
77	59	0.2
77	60	0.2
77	61	0.2
77	62	0.2
77	63	0.2
77	64	0.2
77	65	0.2
77	66	0.2
77	67	0.2
77	68	0.2
77	69	0.2
77	70	0.2
77	71	0.2
77	72	0.2
77	73	0.2
77	74	0.2
77	75	0.2
77	76	1
77	77	1
77	78	1
77	79	1
78	24	1
78	25	1
78	26	1
78	27	0.2
78	28	0.2
78	29	0.2
78	30	0.2
78	31	0.2
78	32	0.2
78	33	0.2
78	34	0.2
78	35	0.2
78	36	0.2
78	37	0.2
78	38	0.2
78	39	0.2
78	40	0.2
78	41	0.2
78	42	0.2
78	43	0.2
78	44	0.2
78	45	0.2
78	46	0.2
78	47	0.2
78	48	0.2
78	49	0.2
78	50	0.2
78	51	0.2
78	52	0.2
78	53	0.2
78	54	0.2
78	55	0.2
78	56	0.2
78	57	0.2
78	58	0.2
78	59	0.2
78	60	0.2
78	61	0.2
78	62	0.2
78	63	0.2
78	64	0.2
78	65	0.2
78	66	0.2
78	67	0.2
78	68	0.2
78	69	0.2
78	70	0.2
78	71	0.2
78	72	0.2
78	73	0.2
78	74	1
78	75	1
78	76	1
78	77	1
79	26	1
79	27	1
79	28	1
79	29	0.2
79	30	0.2
79	31	0.2
79	32	0.2
79	33	0.2
79	34	0.2
79	35	0.2
79	36	0.2
79	37	0.2
79	38	0.2
79	39	0.2
79	40	0.2
79	41	0.2
79	42	0.2
79	43	0.2
79	44	0.2
79	45	0.2
79	46	0.2
79	47	0.2
79	48	0.2
79	49	0.2
79	50	0.2
79	51	0.2
79	52	0.2
79	53	0.2
79	54	0.2
79	55	0.2
79	56	0.2
79	57	0.2
79	58	0.2
79	59	0.2
79	60	0.2
79	61	0.2
79	62	0.2
79	63	0.2
79	64	0.2
79	65	0.2
79	66	0.2
79	67	0.2
79	68	0.2
79	69	0.2
79	70	0.2
79	71	1
79	72	1
79	73	1
79	74	1
79	75	1
80	28	1
80	29	1
80	30	1
80	31	0.2
80	32	0.2
80	33	0.2
80	34	0.2
80	35	0.2
80	36	0.2
80	37	0.2
80	38	0.2
80	39	0.2
80	40	0.2
80	41	0.2
80	42	0.2
80	43	0.2
80	44	0.2
80	45	0.2
80	46	0.2
80	47	0.2
80	48	0.2
80	49	0.2
80	50	0.2
80	51	0.2
80	52	0.2
80	53	0.2
80	54	0.2
80	55	0.2
80	56	0.2
80	57	0.2
80	58	0.2
80	59	0.2
80	60	0.2
80	61	0.2
80	62	0.2
80	63	0.2
80	64	0.2
80	65	0.2
80	66	0.2
80	67	0.2
80	68	0.2
80	69	1
80	70	1
80	71	1
80	72	1
80	73	1
81	31	1
81	32	1
81	33	1
81	34	0.2
81	35	0.2
81	36	0.2
81	37	0.2
81	38	0.2
81	39	0.2
81	40	0.2
81	41	0.2
81	42	0.2
81	43	0.2
81	44	0.2
81	45	0.2
81	46	0.2
81	47	0.2
81	48	0.2
81	49	0.2
81	50	0.2
81	51	0.2
81	52	0.2
81	53	0.2
81	54	0.2
81	55	0.2
81	56	0.2
81	57	0.2
81	58	0.2
81	59	0.2
81	60	0.2
81	61	0.2
81	62	0.2
81	63	0.2
81	64	0.2
81	65	0.2
81	66	1
81	67	1
81	68	1
81	69	1
81	70	1
82	33	1
82	34	1
82	35	1
82	36	1
82	37	1
82	38	0.2
82	39	0.2
82	40	0.2
82	41	0.2
82	42	0.2
82	43	0.2
82	44	0.2
82	45	0.2
82	46	0.2
82	47	0.2
82	48	0.2
82	49	0.2
82	50	0.2
82	51	0.2
82	52	0.2
82	53	0.2
82	54	0.2
82	55	0.2
82	56	0.2
82	57	0.2
82	58	0.2
82	59	0.2
82	60	0.2
82	61	0.2
82	62	1
82	63	1
82	64	1
82	65	1
82	66	1
82	67	1
82	68	1
83	37	1
83	38	1
83	39	1
83	40	1
83	41	1
83	42	1
83	43	1
83	44	0.2
83	45	0.2
83	46	0.2
83	47	0.2
83	48	0.2
83	49	0.2
83	50	0.2
83	51	0.2
83	52	0.2
83	53	0.2
83	54	0.2
83	55	0.2
83	56	1
83	57	1
83	58	1
83	59	1
83	60	1
83	61	1
83	62	1
83	63	1
83	64	1
84	42	1
84	43	1
84	44	1
84	45	1
84	46	1
84	47	1
84	48	1
84	49	1
84	50	1
84	51	1
84	52	1
84	53	1
84	54	1
84	55	1
84	56	1
84	57	1
84	58	1
84	59	1
